R-Portable/library/sp/external/test.ag
NCOLS 80
NROWS 115
XLLCORNER 178400.000000
YLLCORNER 329400.000000
CELLSIZE 40.000000
NODATA_VALUE 1.0e31
[rows 62 to 92 of 115, columns 0 to 68 of 80]
1.0e31 1.0e31 1.0e31 1.0e31 1.0e31 1.0e31 1.0e31 1.0e31 1.0e31 1.0e31 1.0e31 1.0e31 1.0e31 1.0e31 1.0e31 1.0e31 1.0e31 1.0e31 1.0e31 1.0e31 1.0e31 1.0e31 1.0e31 1.0e31 570.719 633.301 481.689 397.441 369.053 366.784 360.571 334.855 298.228 293.756 316.029 330.556 334.234 332.16 327.569 321.075 311.447 296.952 278.519 270.279 283.797 296.415 298.861 293.15 277.573 243.128 180.702 151.612 204.481 255.57 287.771 309.444 325.623 338.549 1.0e31 1.0e31 1.0e31 1.0e31 1.0e31 1.0e31 1.0e31 1.0e31 1.0e31 1.0e31 1.0e31
1.0e31 1.0e31 1.0e31 1.0e31 1.0e31 1.0e31 1.0e31 1.0e31 1.0e31 1.0e31 1.0e31 1.0e31 1.0e31 1.0e31 1.0e31 1.0e31 1.0e31 1.0e31 1.0e31 1.0e31 1.0e31 1.0e31 1.0e31 1.0e31 521.268 480.586 373.766 373.265 354.195 347.772 344.408 299.34 208.943 215.844 282.654 309.73 314.765 312.492 309.595 306.692 300.772 289.376 273.141 258.457 258.638 272.966 283.977 284.621 271.69 234.896 162.295 128.434 192.652 251.606 286.919 309.538 325.812 1.0e31 1.0e31 1.0e31 1.0e31 1.0e31 1.0e31 1.0e31 1.0e31 1.0e31 1.0e31 1.0e31 1.0e31
1.0e31 1.0e31 1.0e31 1.0e31 1.0e31 1.0e31 1.0e31 1.0e31 1.0e31 1.0e31 1.0e31 1.0e31 1.0e31 1.0e31 1.0e31 1.0e31 1.0e31 1.0e31 1.0e31 1.0e31 1.0e31 1.0e31 1.0e31 601.559 495.012 299.088 223.93 342.281 328.287 327.725 337.466 295.117 211.239 216.526 273.918 293.518 291.723 284.007 282.55 286.749 286.617 275.618 247.307 198.884 193.865 240.465 268.687 277.303 271.431 249.335 213.069 197.914 227.032 264.252 292.153 312.107 327.174 1.0e31 1.0e31 1.0e31 1.0e31 1.0e31 1.0e31 1.0e31 1.0e31 1.0e31 1.0e31 1.0e31 1.0e31
1.0e31 1.0e31 1.0e31 1.0e31 1.0e31 1.0e31 1.0e31 1.0e31 1.0e31 1.0e31 1.0e31 1.0e31 1.0e31 1.0e31 1.0e31 1.0e31 1.0e31 1.0e31 1.0e31 1.0e31 1.0e31 1.0e31 699.524 768.446 571.541 391.136 332.556 351.179 349.984 346.125 340.536 313.28 278.967 270.159 278.541 277.856 261.543 235.883 237.114 260.336 271.458 263.977 231.071 161.407 154.181 222.417 258.672 271.711 272.642 265.118 253.806 250.484 262.367 281.761 300.535 316.365 1.0e31 1.0e31 1.0e31 1.0e31 1.0e31 1.0e31 1.0e31 1.0e31 1.0e31 1.0e31 1.0e31 1.0e31 1.0e31
1.0e31 1.0e31 1.0e31 1.0e31 1.0e31 1.0e31 1.0e31 1.0e31 1.0e31 1.0e31 1.0e31 1.0e31 1.0e31 1.0e31 1.0e31 1.0e31 1.0e31 1.0e31 1.0e31 1.0e31 1.0e31 654.275 689.757 724.314 577.368 427.927 334.055 332.95 358.18 357.931 343.069 317.218 290.147 273.807 266.913 257.681 230.786 167.318 175.7 235.458 258.81 257.763 239.553 209.409 205.905 234.162 255.668 266.26 270.532 271.445 271.57 274.553 282.809 294.991 308.258 320.831 1.0e31 1.0e31 1.0e31 1.0e31 1.0e31 1.0e31 1.0e31 1.0e31 1.0e31 1.0e31 1.0e31 1.0e31 1.0e31
1.0e31 1.0e31 1.0e31 1.0e31 1.0e31 1.0e31 1.0e31 1.0e31 1.0e31 1.0e31 1.0e31 1.0e31 1.0e31 1.0e31 1.0e31 1.0e31 1.0e31 1.0e31 1.0e31 1.0e31 691.684 715.497 668.058 618.769 535.517 414.857 263.715 292.903 361.213 363.303 339.669 302.339 257.404 233.312 235.407 228.539 220.606 180.548 186.637 232.664 250.201 250.111 244.014 236.659 235.465 242.377 250.499 256.447 261.443 267.341 274.355 282.413 291.858 302.542 313.69 1.0e31 1.0e31 1.0e31 1.0e31 1.0e31 1.0e31 1.0e31 1.0e31 1.0e31 1.0e31 1.0e31 1.0e31 1.0e31 1.0e31
1.0e31 1.0e31 1.0e31 1.0e31 1.0e31 1.0e31 1.0e31 1.0e31 1.0e31 1.0e31 1.0e31 1.0e31 1.0e31 1.0e31 1.0e31 1.0e31 1.0e31 1.0e31 1.0e31 673.884 727.216 780.813 686.208 602.936 535.845 459.044 379.983 373.969 389.961 370.973 331.874 279.484 196.846 150.43 200.339 173.46 206.936 224.573 230.543 240.633 238.675 230.221 230.026 232.217 231.081 231.82 234.944 236.509 240.47 251.77 266.761 281.141 294.032 305.858 316.914 1.0e31 1.0e31 1.0e31 1.0e31 1.0e31 1.0e31 1.0e31 1.0e31 1.0e31 1.0e31 1.0e31 1.0e31 1.0e31 1.0e31
1.0e31 1.0e31 1.0e31 1.0e31 1.0e31 1.0e31 1.0e31 1.0e31 1.0e31 1.0e31 1.0e31 1.0e31 1.0e31 1.0e31 1.0e31 1.0e31 1.0e31 1.0e31 666.589 696.381 714.845 709.193 660.112 603.234 563.056 535.807 512.162 482.563 438.544 379.638 315.42 262.758 205.867 171.159 204.213 179.647 212.585 240.598 246.114 239.752 215.406 183.389 197.242 212.793 203.437 201.072 208.609 201.237 199.03 222.738 252.006 275.226 292.796 306.832 1.0e31 1.0e31 1.0e31 1.0e31 1.0e31 1.0e31 1.0e31 1.0e31 1.0e31 1.0e31 1.0e31 1.0e31 1.0e31 1.0e31 1.0e31
1.0e31 1.0e31 1.0e31 1.0e31 1.0e31 1.0e31 1.0e31 1.0e31 1.0e31 1.0e31 1.0e31 1.0e31 1.0e31 1.0e31 1.0e31 1.0e31 1.0e31 1.0e31 682.694 728.915 759.29 692.081 640.162 606.615 601.211 640.781 697.049 637.7 505.193 385.223 268.435 199.718 228.178 236.439 239.948 237.077 245.178 253.061 249.295 234.401 199.693 146.296 176.065 196.13 155.999 152.225 183.53 153.693 136.08 188.633 237.6 269.531 291.187 307.246 1.0e31 1.0e31 1.0e31 1.0e31 1.0e31 1.0e31 1.0e31 1.0e31 1.0e31 1.0e31 1.0e31 1.0e31 1.0e31 1.0e31 1.0e31
1.0e31 1.0e31 1.0e31 1.0e31 1.0e31 1.0e31 1.0e31 1.0e31 1.0e31 1.0e31 1.0e31 1.0e31 1.0e31 1.0e31 1.0e31 1.0e31 1.0e31 692.324 689.657 706.879 716.014 669.684 627.024 608.736 633.422 757.74 991.279 857.256 575.167 398.318 244.738 149.828 226.533 263.478 269.331 268.466 266.59 259.786 242.967 222.443 208.206 192.905 200.737 199.155 155.657 151.769 181.764 149.243 130.502 185.148 235.555 268.784 291.577 1.0e31 1.0e31 1.0e31 1.0e31 1.0e31 1.0e31 1.0e31 1.0e31 1.0e31 1.0e31 1.0e31 1.0e31 1.0e31 1.0e31 1.0e31 1.0e31
1.0e31 1.0e31 1.0e31 1.0e31 1.0e31 1.0e31 1.0e31 1.0e31 1.0e31 1.0e31 1.0e31 1.0e31 1.0e31 1.0e31 1.0e31 1.0e31 1.0e31 740.076 707.826 683.79 665.193 637.578 610.763 600.917 629.939 744.693 930.851 821.613 577.015 419.619 311.453 257.384 269.538 284.255 287.25 284.774 277.63 260.536 222.913 173.838 186.735 214.725 223.669 219.334 202.595 197.561 201.945 191.882 188.86 214.378 246.885 273.867 294.758 1.0e31 1.0e31 1.0e31 1.0e31 1.0e31 1.0e31 1.0e31 1.0e31 1.0e31 1.0e31 1.0e31 1.0e31 1.0e31 1.0e31 1.0e31 1.0e31
1.0e31 1.0e31 1.0e31 1.0e31 1.0e31 1.0e31 1.0e31 1.0e31 1.0e31 1.0e31 1.0e31 1.0e31 1.0e31 1.0e31 1.0e31 1.0e31 1.0e31 838.342 749.5 688.021 648.796 617.919 593.68 582.211 593.73 637.214 679.938 630.897 519.146 421.325 351.764 312.076 298.281 295.891 295.217 292.548 284.599 264.488 215.865 140.384 168.173 221.999 238.994 238.532 230.349 222.159 216.602 215.33 222.198 238.823 260.549 281.716 1.0e31 1.0e31 1.0e31 1.0e31 1.0e31 1.0e31 1.0e31 1.0e31 1.0e31 1.0e31 1.0e31 1.0e31 1.0e31 1.0e31 1.0e31 1.0e31 1.0e31
1.0e31 1.0e31 1.0e31 1.0e31 1.0e31 1.0e31 1.0e31 1.0e31 1.0e31 1.0e31 1.0e31 1.0e31 1.0e31 1.0e31 1.0e31 1.0e31 1064.08 998.067 779.357 694.73 643.5 604.651 575.959 558.167 552.654 556.456 553.424 521.74 464.991 403.538 349.349 308.693 288.88 287.622 291.233 293.248 289.632 276.681 248.166 213.513 219.006 243.178 253.783 252.078 241.243 221.536 199.639 201.353 224.366 248.608 270.38 289.681 1.0e31 1.0e31 1.0e31 1.0e31 1.0e31 1.0e31 1.0e31 1.0e31 1.0e31 1.0e31 1.0e31 1.0e31 1.0e31 1.0e31 1.0e31 1.0e31 1.0e31
1.0e31 1.0e31 1.0e31 1.0e31 1.0e31 1.0e31 1.0e31 1.0e31 1.0e31 1.0e31 1.0e31 1.0e31 1.0e31 1.0e31 946.029 911.572 987.39 898.942 726.565 688.643 635.348 589.413 555.231 531.869 516.964 505.966 491.331 465.679 427.581 379.839 322.755 258.624 230.684 257.271 273.106 286.333 288.778 284.965 278.223 267.118 263.712 267.042 267.826 261.867 244.791 205.889 149.188 157.294 211.969 251.619 277.928 1.0e31 1.0e31 1.0e31 1.0e31 1.0e31 1.0e31 1.0e31 1.0e31 1.0e31 1.0e31 1.0e31 1.0e31 1.0e31 1.0e31 1.0e31 1.0e31 1.0e31 1.0e31
1.0e31 1.0e31 1.0e31 1.0e31 1.0e31 1.0e31 1.0e31 1.0e31 1.0e31 1.0e31 1.0e31 1.0e31 829.295 1013.56 1274.4 950.23 806.904 748.166 703.655 672.814 616.296 565.226 526.962 501.453 483.996 469.185 452.9 431.804 402.828 361.822 298.428 192.606 130.336 229.726 235.795 276.545 272.814 270.406 290.989 292.4 287.362 282.592 277.374 269.327 252.082 212.615 157.034 164.339 218.739 260.341 287.479 1.0e31 1.0e31 1.0e31 1.0e31 1.0e31 1.0e31 1.0e31 1.0e31 1.0e31 1.0e31 1.0e31 1.0e31 1.0e31 1.0e31 1.0e31 1.0e31 1.0e31 1.0e31
1.0e31 1.0e31 1.0e31 1.0e31 1.0e31 1.0e31 1.0e31 1.0e31 1.0e31 1.0e31 1.0e31 742.566 810.279 946.957 1103.47 742.529 732.676 706.311 675.972 639.908 582.741 524.672 482.878 461.718 448.974 435.506 420.903 405.676 386.101 355.763 306.118 231.74 198.59 246.664 244.183 297.642 271.525 264.787 305.188 306.592 297.389 286.77 276.98 270.897 263.336 244.358 220.68 222.831 250.283 278.914 301.172 1.0e31 1.0e31 1.0e31 1.0e31 1.0e31 1.0e31 1.0e31 1.0e31 1.0e31 1.0e31 1.0e31 1.0e31 1.0e31 1.0e31 1.0e31 1.0e31 1.0e31 1.0e31
1.0e31 1.0e31 1.0e31 1.0e31 1.0e31 1.0e31 1.0e31 1.0e31 1.0e31 1.0e31 697.398 743.922 783.818 798.579 746.17 590.516 783.929 695.059 669.826 609.653 535.734 454.208 402.867 405.473 409.81 398.242 383.709 377.263 371.576 356.707 330.459 300.157 289.499 305.369 337.232 400.551 411.337 366.017 336.826 311.18 294.852 276.668 255.372 254.939 267.203 270.407 267.372 270.893 284.51 301.837 317.919 1.0e31 1.0e31 1.0e31 1.0e31 1.0e31 1.0e31 1.0e31 1.0e31 1.0e31 1.0e31 1.0e31 1.0e31 1.0e31 1.0e31 1.0e31 1.0e31 1.0e31 1.0e31
1.0e31 1.0e31 1.0e31 1.0e31 1.0e31 1.0e31 1.0e31 1.0e31 1.0e31 1.0e31 699.58 777.09 863.647 801.178 706.596 669.786 674.4 646.331 612.522 557.709 478.014 342.957 251.534 337.655 372.751 351.984 324.174 335.808 354.274 356.761 348.268 338.64 339.656 362.176 427.499 588.231 695.275 488.434 343.823 279.67 276.696 258.463 208.598 219.19 263.031 286.327 296.062 303.375 313.029 324.504 1.0e31 1.0e31 1.0e31 1.0e31 1.0e31 1.0e31 1.0e31 1.0e31 1.0e31 1.0e31 1.0e31 1.0e31 1.0e31 1.0e31 1.0e31 1.0e31 1.0e31 1.0e31 1.0e31
1.0e31 1.0e31 1.0e31 1.0e31 1.0e31 1.0e31 1.0e31 1.0e31 1.0e31 635.368 686.305 801.308 1080.06 847.993 662.454 643.815 619.153 592.132 559.238 490.921 432.733 317.537 225.725 322.006 352.571 304.728 237.889 287.991 338.304 354.747 356.837 356.929 364.417 390.584 458.558 608.859 697.425 495.582 302.522 206.109 253.427 260.912 216.496 226.573 273.046 302.919 318.691 328.751 337.497 346.132 1.0e31 1.0e31 1.0e31 1.0e31 1.0e31 1.0e31 1.0e31 1.0e31 1.0e31 1.0e31 1.0e31 1.0e31 1.0e31 1.0e31 1.0e31 1.0e31 1.0e31 1.0e31 1.0e31
1.0e31 1.0e31 1.0e31 1.0e31 1.0e31 1.0e31 1.0e31 1.0e31 589.608 606.575 639.708 712.045 780.119 554.342 608.678 658.936 597.461 577.205 501.586 344.829 379.31 375.231 347.984 357.075 353.525 309.71 259.007 294.858 336.493 353.556 359.16 362.659 370.828 390.868 431.558 490.279 505.853 426.817 316.419 251.544 273.559 287.069 275.489 280.243 304.68 327.305 342.659 353.067 361 367.708 1.0e31 1.0e31 1.0e31 1.0e31 1.0e31 1.0e31 1.0e31 1.0e31 1.0e31 1.0e31 1.0e31 1.0e31 1.0e31 1.0e31 1.0e31 1.0e31 1.0e31 1.0e31 1.0e31
1.0e31 1.0e31 1.0e31 1.0e31 1.0e31 1.0e31 1.0e31 564.305 571.688 575.383 581.747 617.885 634.789 603.075 610.869 619.228 574.466 538.65 427.112 221.291 346.665 391.424 385.734 374.592 359.314 337.555 321.459 328.303 343.319 352.706 357 359.85 364.866 375.624 394.299 415.008 418.145 391.062 348.555 319.3 317.176 322.024 323.394 329.588 343.354 358.492 370.736 379.596 385.919 390.538 393.988 1.0e31 1.0e31 1.0e31 1.0e31 1.0e31 1.0e31 1.0e31 1.0e31 1.0e31 1.0e31 1.0e31 1.0e31 1.0e31 1.0e31 1.0e31 1.0e31 1.0e31 1.0e31
1.0e31 1.0e31 1.0e31 1.0e31 1.0e31 1.0e31 1.0e31 554.364 558.582 561.252 560.816 572.914 579.41 574.071 566.225 553.409 561.478 595.344 483.113 397.291 393.957 400.465 390.218 370.468 348.346 334.541 332.819 337.89 344.383 348.703 350.41 350.488 350.034 351.048 357.186 368.82 377.494 375.186 364.579 355.52 354.401 358.678 364.814 373.21 384.007 394.997 403.988 410.231 413.981 415.821 416.332 1.0e31 1.0e31 1.0e31 1.0e31 1.0e31 1.0e31 1.0e31 1.0e31 1.0e31 1.0e31 1.0e31 1.0e31 1.0e31 1.0e31 1.0e31 1.0e31 1.0e31 1.0e31
1.0e31 1.0e31 1.0e31 1.0e31 1.0e31 1.0e31 547.671 551.919 549.569 548.62 547.927 542.401 539.203 536.005 530.387 532.243 541.054 601.09 448.504 422.541 412.615 402.04 382.405 348.137 302.683 287.488 310.445 328.959 337.22 339.671 339.023 335.659 327.372 313.602 306.694 322.36 347.472 364.924 373.667 379.356 386.57 396.29 407.446 418.923 429.616 438.25 443.958 446.624 446.641 444.622 441.259 1.0e31 1.0e31 1.0e31 1.0e31 1.0e31 1.0e31 1.0e31 1.0e31 1.0e31 1.0e31 1.0e31 1.0e31 1.0e31 1.0e31 1.0e31 1.0e31 1.0e31 1.0e31
1.0e31 1.0e31 1.0e31 1.0e31 1.0e31 538.18 554.042 568.231 550.216 529.658 514.881 500.292 498.53 502.069 495.301 471.638 465.714 315.769 286.354 394.489 405.606 394.817 370.39 320.577 228.079 204.478 278.66 314.904 325.048 324.996 321.999 316.876 300.399 259.55 223.146 259.328 317.896 357.412 382.342 401.369 419.664 438.862 457.9 474.349 485.987 492.017 493.148 490.591 485.264 477.874 469.265 1.0e31 1.0e31 1.0e31 1.0e31 1.0e31 1.0e31 1.0e31 1.0e31 1.0e31 1.0e31 1.0e31 1.0e31 1.0e31 1.0e31 1.0e31 1.0e31 1.0e31 1.0e31
1.0e31 1.0e31 1.0e31 1.0e31 524.782 533.122 551.21 570.552 544.276 510.256 481.24 445.408 452.508 474.898 475.535 466.675 476.26 404.974 365.912 390.731 393.847 383.513 361.698 318.623 246.528 227.509 279.306 305.969 309.877 302.082 294.972 295.018 281.654 222.967 157.218 216.561 302.23 357.455 395.16 427.129 459.276 492.944 525.103 549.682 561.773 561.786 554.367 543.633 530.877 516.22 500.531 485.272 1.0e31 1.0e31 1.0e31 1.0e31 1.0e31 1.0e31 1.0e31 1.0e31 1.0e31 1.0e31 1.0e31 1.0e31 1.0e31 1.0e31 1.0e31 1.0e31 1.0e31
1.0e31 1.0e31 1.0e31 517.945 522.032 525.025 529.498 530.89 513.526 488.225 462.818 431.947 438.381 457.536 461.082 474.605 526.079 438.919 398.908 384.791 375.132 367.364 354.571 330.528 300.094 286.426 292.466 297.614 291.523 266.683 246.321 266.26 278.273 250.474 217.778 253.302 317.052 370.191 415.079 459.895 510.311 567.245 623.292 662.264 670.934 654.044 628.47 605.09 583.289 559.58 534.572 511.063 1.0e31 1.0e31 1.0e31 1.0e31 1.0e31 1.0e31 1.0e31 1.0e31 1.0e31 1.0e31 1.0e31 1.0e31 1.0e31 1.0e31 1.0e31 1.0e31 1.0e31
1.0e31 1.0e31 1.0e31 520.016 528.188 527.504 515.492 501.098 482.832 463.899 450.484 442.875 442.636 443.799 439.506 431.32 397.622 363.115 373.682 349.233 331.99 340.282 343.072 331.995 312.529 292.338 278.974 278.789 274.948 238.278 199.309 243.424 281.45 287.636 287.421 308.347 347.617 392.476 441.428 499.944 575.301 671.191 774.965 844.363 837.594 773.989 708.739 667.884 639.224 606.126 569.476 535.865 508.253 1.0e31 1.0e31 1.0e31 1.0e31 1.0e31 1.0e31 1.0e31 1.0e31 1.0e31 1.0e31 1.0e31 1.0e31 1.0e31 1.0e31 1.0e31 1.0e31
1.0e31 1.0e31 511.043 523.726 543.206 546.376 514.572 482.109 453.373 429.128 420.825 424.693 428.305 427.935 419.139 402.997 358.281 324.494 347.385 273.272 238.639 303.98 329.162 325.183 303.214 262.51 222.103 239.728 264.091 253.502 236.411 261.393 292.523 310.418 324.003 344.489 375.596 416.644 469.824 542.832 649.201 804.656 1001.65 1145.11 1097.52 919.672 773.874 713.291 689.244 649.865 600.543 556.278 521.285 494.814 1.0e31 1.0e31 1.0e31 1.0e31 1.0e31 1.0e31 1.0e31 1.0e31 1.0e31 1.0e31 1.0e31 1.0e31 1.0e31 1.0e31 1.0e31
1.0e31 1.0e31 506.599 518.992 537.202 538.579 504.313 464.005 422.388 376.868 369.862 393.362 405.011 412.843 410.099 400.965 392.224 373.771 347.994 261.054 226.041 295.077 321.421 318.237 293.446 236.036 164.075 206.441 256.654 270.068 274.376 287.854 307.345 325.785 343.995 366.254 396.217 437.033 494.17 578.875 712.551 929.888 1251.38 1529.66 1423 1062.14 804.247 724.269 716.734 677.469 619.656 567.806 527.25 496.815 474.642 1.0e31 1.0e31 1.0e31 1.0e31 1.0e31 1.0e31 1.0e31 1.0e31 1.0e31 1.0e31 1.0e31 1.0e31 1.0e31 1.0e31
1.0e31 1.0e31 498.508 505.029 511.043 505.489 481.6 447.793 405.453 351.938 344.768 363.361 373.501 398.562 407.177 409.004 416.526 412.378 373.588 325.818 303.738 313.379 319.747 314.087 294.497 256.709 220.004 232.846 254.861 268.791 283.31 299.665 317.583 336.184 356.097 379.618 409.841 450.818 509.196 597.274 737.915 968.788 1315.09 1621.83 1505.66 1106.78 823.057 728.338 714.327 676.691 620.194 567.276 524.238 490.941 466.583 450.577 1.0e31 1.0e31 1.0e31 1.0e31 1.0e31 1.0e31 1.0e31 1.0e31 1.0e31 1.0e31 1.0e31 1.0e31 1.0e31
1.0e31 1.0e31 489.39 490.602 489.26 481.107 463.922 439.538 409.971 381.33 369.968 350.573 359.285 390.426 403.985 417.426 462.427 477.238 395.442 346.554 324.732 317.615 314.122 308.773 297.647 278.967 259.446 243.865 229.799 243.231 273.636 300.08 322.009 342.34 363.393 387.507 417.515 457.287 512.83 594.095 716.974 900.73 1138.91 1315.84 1249.77 1015.65 822.674 732.388 694.934 654.657 604.775 555.698 512.529 476.607 449.465 433.194 427.333 1.0e31 1.0e31 1.0e31 1.0e31 1.0e31 1.0e31 1.0e31 1.0e31 1.0e31 1.0e31 1.0e31 1.0e31
